0 54.182
1 55.473
2 69.246
3 82.828
4 65.645
5 82.352
6 64.478
7 55.587
8 69.878
9 54.773
10 70.636
11 71.360
12 53.618
13 89.741
14 61.447
15 79.234
16 73.797
17 51.040
18 82.304
19 67.635
20 85.164
21 53.550
22 74.899
23 51.737
24 84.288
25 82.254
26 64.284
27 83.543
28 87.259
29 59.097
30 71.564
31 79.113
32 65.436
33 84.515
34 65.990
35 66.667
36 60.292
37 69.133
38 54.494
39 56.396
40 64.892
41 63.248
42 72.952
43 81.914
44 63.468
45 52.726
46 73.055
47 58.192
48 50.199
49 72.110
50 54.746
51 61.948
52 53.136
53 68.927
54 69.256
55 86.551
56 87.774
57 72.777
58 66.739
59 69.155
60 62.197
61 83.681
62 87.503
63 78.936
64 62.960
65 73.781
66 61.854
67 82.173
68 64.372
69 80.645
70 54.905
71 83.752
72 87.217
73 69.588
74 59.750
75 81.230
76 52.308
77 87.355
78 71.927
79 54.886
80 83.283
81 76.790
82 76.218
83 89.338
84 88.053
85 82.922
86 52.637
87 86.819
88 73.237
89 79.396
90 63.823
91 86.264
92 58.925
93 50.014
94 87.967
95 86.940
96 64.530
97 52.527
98 85.378
99 87.986
100 81.073
101 61.963
102 67.828
103 52.643
104 72.808
105 61.102
106 89.359
107 84.061
108 75.921
109 69.327
110 70.788
111 79.818
112 84.930
113 84.379
114 61.742
115 71.208
116 59.566
117 73.189
118 65.086
119 82.103
120 79.754
121 85.341
122 59.885
123 59.024
124 79.521
125 81.643
126 73.733
127 88.409
128 78.010
129 87.362
130 77.073
131 66.210
132 54.179
133 79.168
134 74.829
135 76.795
136 66.520
137 66.982
138 59.541
139 85.327
140 74.177
141 73.398
142 65.616
143 65.374
144 87.577
145 85.610
146 61.387
147 63.401
148 83.478
149 81.295
150 59.705
151 83.424
152 86.065
153 79.253
154 67.181
155 52.414
156 60.840
157 74.564
158 52.195
159 66.047
160 77.303
161 59.884
162 58.142
163 52.581
164 69.811
165 54.690
166 74.886
167 76.930
168 64.493
169 75.442
170 55.919
171 55.595
172 50.814
173 86.216
174 50.381
175 89.552
176 80.786
177 71.735
178 73.369
179 86.437
180 54.786
181 51.159
182 86.355
183 74.557
184 56.162
185 62.585
186 83.469
187 88.067
188 75.012
189 69.960
190 71.976
191 87.861
192 67.889
193 72.218
194 68.712
195 70.640
196 63.414
197 53.633
198 75.028
199 54.714
200 70.150
201 77.167
202 86.358
203 76.743
204 76.410
205 76.617
206 77.756
207 71.340
208 77.577
209 51.732
210 75.728
211 58.520
212 86.925
213 80.456
214 87.618
215 53.287
216 55.387
217 64.677
218 86.198
219 70.970
220 85.222
221 59.544
222 62.060
223 66.342
224 66.155
225 82.076
226 73.768
227 73.960
228 70.151
229 84.565
230 55.875
231 74.893
232 72.514
233 88.210
234 77.979
235 57.912
236 60.507
237 82.695
238 67.453
239 64.684
240 79.279
241 68.901
242 85.177
243 65.224
244 88.009
245 75.075
246 82.524
247 75.443
248 64.505
249 67.287
250 79.628
251 87.065
252 74.730
253 79.021
254 86.848
255 79.175
256 74.354
257 87.157
258 61.225
259 70.142
260 62.101
261 78.779
262 61.438
263 82.509
264 67.498
265 52.669
266 66.644
267 73.221
268 77.391
269 50.056
270 71.707
271 83.835
272 79.945
273 50.432
274 65.220
275 56.578
276 89.682
277 72.748
278 55.689
279 57.929
280 66.794
281 63.416
282 88.794
283 56.433
284 56.960
285 63.387
286 85.947
287 53.640
288 67.504
289 76.882
290 56.478
291 81.673
292 57.434
293 66.793
294 53.407
295 73.009
296 78.123
297 76.825
298 59.333
299 72.181
300 51.103
301 68.149
302 85.466
303 53.815
304 83.876
305 87.000
306 75.070
307 81.209
308 64.131
309 76.328
310 64.147
311 54.585
312 64.910
313 50.576
314 50.386
315 53.051
316 86.925
317 84.469
318 54.934
319 57.472
320 72.828
321 86.406
322 79.710
323 73.567
324 59.894
325 55.569
326 55.190
327 70.867
328 82.094
329 87.867
330 80.963
331 86.948
332 79.222
333 63.123
334 83.197
335 75.102
336 66.540
337 78.318
338 67.555
339 61.575
340 71.124
341 83.229
342 55.453
343 60.601
344 62.767
345 56.732
346 67.666
347 81.334
348 72.676
349 50.472
350 60.428
351 68.790
352 89.886
353 59.039
354 56.669
355 51.394
356 85.786
357 70.680
358 59.333
359 70.522
360 85.092
361 79.821
362 51.638
363 67.160
364 64.529
365 73.542
366 75.750
367 70.371
368 69.237
369 53.888
370 67.876
371 89.931
372 55.623
373 76.709
374 73.945
375 89.382
376 54.909
377 80.351
378 84.380
379 70.445
380 77.013
381 63.357
382 67.174
383 86.186
384 70.993
385 79.013
386 64.370
387 79.003
388 69.688
389 59.851
390 54.979
391 86.914
392 56.745
393 53.763
394 57.541
395 75.726
396 67.517
397 58.392
398 55.757
399 89.331
400 50.463
401 79.224
402 64.016
403 58.663
404 53.359
405 70.171
406 69.755
407 66.821
408 73.458
409 73.579
410 61.294
411 60.610
412 89.636
413 54.864
414 77.142
415 69.709
416 62.654
417 78.562
418 59.696
419 84.067
420 86.238
421 65.925
422 56.655
423 59.033
424 61.471
425 50.906
426 80.376
427 64.350
428 74.434
429 63.983
430 69.741
431 68.590
432 86.325
433 50.262
434 51.430
435 81.631
436 77.105
437 79.328
438 81.016
439 53.178
440 59.554
441 59.405
442 74.650
443 57.794
444 87.788
445 79.416
446 77.026
447 73.933
448 52.378
449 62.537
450 74.751
451 71.681
452 82.720
453 57.684
454 69.451
455 74.603
456 67.261
457 83.130
458 72.099
459 60.888
460 51.981
461 70.202
462 58.543
463 70.028
464 62.539
465 80.157
466 62.359
467 83.454
468 75.673
469 57.098
470 63.252
471 88.834
472 53.290
473 66.814
474 84.744
475 78.994
476 79.332
477 80.049
478 89.116
479 74.115
480 73.551
481 70.009
482 66.483
483 81.259
484 59.718
485 56.679
486 59.286
487 74.418
488 76.052
489 61.963
490 73.299
491 77.557
492 80.928
493 57.545
494 53.658
495 56.532
496 80.108
497 75.764
498 58.976
499 70.152
500 72.883
501 76.423
502 66.519
503 77.114
504 69.249
505 53.624
506 78.506
507 63.135
508 87.294
509 88.065
510 82.581
511 73.150
512 54.194
513 56.753
514 64.389
515 51.625
516 81.468
517 56.717
518 60.623
519 78.436
520 88.439
521 55.598
522 89.472
523 54.490
524 67.758
525 62.706
526 73.900
527 56.257
528 89.310
529 85.129
530 65.797
531 68.024
532 67.197
533 81.338
534 72.870
535 70.833
536 76.146
537 51.578
538 83.972
539 54.996
540 65.915
541 53.757
542 71.510
543 52.295
544 67.060
545 63.097
546 87.846
547 87.792
548 53.767
549 74.349
550 50.654
551 74.084
552 77.894
553 58.716
554 57.723
555 86.633
556 59.504
557 57.736
558 63.130
559 86.199
560 85.073
561 81.577
562 50.559
563 87.944
564 54.214
565 79.367
566 58.356
567 55.142
568 73.255
569 64.137
570 50.648
571 64.954
572 67.686
573 52.840
574 68.214
575 58.916
576 55.948
577 52.947
578 53.034
579 79.839
580 71.109
581 71.178
582 68.371
583 88.958
584 51.808
585 74.744
586 79.487
587 70.650
588 82.924
589 78.003
590 61.837
591 70.983
592 77.857
593 87.682
594 88.020
595 58.053
596 79.180
597 76.306
598 56.167
599 56.123
600 84.096
601 57.019
602 61.728
603 78.787
604 65.041
605 50.366
606 83.696
607 64.278
608 67.489
609 68.200
610 64.306
611 83.457
612 82.876
613 73.067
614 60.295
615 77.856
616 60.363
617 62.217
618 62.115
619 75.029
620 78.987
621 77.231
622 82.186
623 78.915
624 64.985
625 62.705
626 66.435
627 70.253
628 82.729
629 86.287
630 51.095
631 55.994
632 74.160
633 73.017
634 52.787
635 83.361
636 76.525
637 51.465
638 75.986
639 78.735
640 72.069
641 84.524
642 62.382
643 69.457
644 69.876
645 66.297
646 73.024
647 56.508
648 64.286
649 66.803
650 62.827
651 68.339
652 78.102
653 84.653
654 60.896
655 62.996
656 79.083
657 82.757
658 84.967
659 52.647
660 60.728
661 78.643
662 54.588
663 73.366
664 83.114
665 84.729
666 62.786
667 59.377
668 50.859
669 83.207
670 86.171
671 54.252
672 69.226
673 63.793
674 66.540
675 72.261
676 62.569
677 53.280
678 54.268
679 62.698
680 69.801
681 89.950
682 88.630
683 68.485
684 52.752
685 66.066
686 65.181
687 76.533
688 62.997
689 51.623
690 83.125
691 56.262
692 58.581
693 63.017
694 72.568
